142 144
144 143
.142 143
.140 142
.135 139
.139 140
139 141
141 140
131 134
131 135
.134 135
135 132
134 132
.134 136
.136 137
.137 138
.122 59
.122 123
.123 124
.124 125
.125 126
.126 127
.127 128
.128 129
.129 130
.130 131
.131 132
.132 133
.119 120
.120 121
120 102
81 121
80 120
.79 119
.115 119
.119 116
116 118
112 113
.111 115
.114 116
100 113
115 79
113 114
114 115
110 112
112 111
111 78
.111 109
100 110
110 34
.23 34
.109 23
.77 109
.108 23
.76 108
106 105
105 32
24 28
29 103
.105 107
.103 105
.104 103
75 106
.107 33
.108 107
.106 108
24 104
104 106
103 24
102 95
93 100
.94 101
101 100
102 118
118 101
.43 92
.92 93
.93 94
.94 95
.97 98
.98 99
92 96
96 97
46 48
.48 83
48 90
91 48
77 91
76 45
47 91
.87 86
.86 85
.85 84
.84 83
.83 49
82 87
87 69
86 81
85 80
79 89
89 84
.83 88
.90 77
.90 88
89 88
50 83
.72 84
71 85
.44 75
.75 76
.76 77
78 77
79 78
80 79
81 80
82 81
.74 58
.73 74
.57 73
.70 71
.64 67
.68 67
67 51
.71 69
.50 72
.72 71
51 70
70 68
66 63
63 66
.62 65
.65 66
.63 64
.62 63
.60 62
.59 60
.60 61
51 56
.50 56
56 51
.65 61
.58 59
.57 58
.56 57
.52 53
.55 53
54 55
18 52
52 18
.3 4
.4 5
.6 5
.10 11
.11 4
7 8
.7 6
.8 9
10 9
12 10
3 12
12 3
11 6
6 13
15 13
15 14
17 16
9 16
.17 18
.18 19
.19 10
12 22
.19 20
.22 24
.20 22
.20 21
.18 21
.21 24
.3 25
25 26
.26 25
.26 27
12 28
28 29
25 12
28 26
27 29
34 35
35 36
36 37
37 38
38 39
39 27
34 33
33 32
29 28
29 30
30 31
.31 32
31 30
30 29
30 39
.31 38
32 37
27 40
40 27
.40 41
.41 42
.42 43
34 43
.35 33
42 35
.36 41
37 40
.24 44
.44 45
.45 47
.47 46
.49 50
.50 51
.49 46
.52 54
142 143
143 144
145 146
146 147
68 145
68 166
166 69
166 68
69 166
167 166
171 170
170 169
169 168
168 167
.145 160
.160 167
.146 161
.161 168
.160 161
.161 162
.162 163
169 162
162 147
147 148
148 163
163 170
.163 164
.164 165
164 171
165 149
148 149
173 165
173 171
172 173
.69 174
.174 175
.175 176
.176 177
.167 174
.168 175
176 169
170 177
.177 178
.178 179
.179 180
.171 178
179 172
149 150
150 151
151 152
.180 181
.183 188
.188 187
.182 172
.182 183
.183 184
.184 189
.189 187
.187 151
185 181
.184 185
.183 180
181 201
201 200
200 199
199 198
198 197
197 196
196 195
195 194
194 193
193 192
192 191
191 190
190 185
152 153
153 154
154 155
.191 203
.203 153
203 202
202 189
152 202
202 190
.199 210
.200 209
.209 207
.209 208
.200 206
.201 204
.210 207
209 210
207 208
208 206
206 205
205 204
204 179
.207 211
.211 212
213 212
.213 206
.207 214
216 215
215 214
215 211
212 216
.204 218
.218 221
.217 218
205 217
217 219
221 220
220 219
219 213
177 221
